2814916390
2828876594
1923271253
2320257060
1916820727
5354839809
5563669763
5329831094
3307924841
2646934812
5509145318
3902947842
5859715484
5358760854
2252955235
1483573212
5928367802
5726247877
3906985026
5936678156
1295308894
3065727027
2413850195
2671362341
5146813893
2431732673
5147261236
5342264350
1939651950
1985587021
1657430300
5617155727
5591671059
5418249625
1958824810
5980017166
1282813840
2689827923
3610894615
1152955073
3201529063
3963628784
1913184803
5195970647
5943667034
5938020236
5754337522
5744814577
1660612723
5272846174
5955496003
1651780175
5034832438
2363018250
3848713416
3217296935
5083906522
3990836958
3814611791
1830034827
2079973064
2284673267
2130685343
5935449660
5537962300
5598160357
5625424955
5540186797
5657946891
5165338024
1767301112
5059778612
3899696299
5135091167
6098220347
1935645351
5035248199
3941554240
5961174954
2482675081
2909877852
2338836462
2730811395
2659415872
1940131955
1796551774
5646768726
1651046593